.Random.seed <-
c(403L, 313L, -1685835015L, -907972469L, 204142778L, 972688316L, 
-1080921857L, -1582427051L, -532906132L, 1182699458L, 1519552541L, 
-243779433L, -1176181250L, -424544840L, 482859419L, -754786311L, 
-612432056L, -1443208586L, -552764495L, -451623453L, -1521255758L, 
635238148L, 960891975L, -704533731L, 1583092116L, -473639622L, 
-480663163L, -1203615137L, -1888441114L, 167124848L, 1227858067L, 
870247729L, -234218528L, -260396930L, 1895568137L, 2087286075L, 
-1542911734L, -479577876L, -2091203217L, 767044261L, 1504339036L, 
1074209842L, 1147364141L, -984327705L, -13433586L, 438262504L, 
1631491307L, 1040067977L, -1702114024L, 614518854L, 451082401L, 
-1486307533L, 2057178786L, 846208404L, 1011500055L, -1519451123L, 
-2091839196L, -878658294L, 1847893109L, -330221617L, 81582294L, 
165361792L, 1287980739L, 1580052577L, -760995632L, -1303881170L, 
-375477287L, 1929589739L, 8311386L, 511525916L, 835256607L, -671665803L, 
1151004684L, 255261154L, -1035459907L, -1034855113L, -2110389794L, 
-1162393832L, -1213100421L, -1740563431L, 152874152L, -232569258L, 
-1548967215L, -560115069L, -1851258606L, 474098852L, 1376296039L, 
1069995453L, 2126055220L, -1262619494L, -1564820763L, 495019135L, 
-1556218362L, 1000040848L, -1234783181L, 824941521L, 158486912L, 
-1317766050L, -1875313751L, -1849720229L, -1848764822L, -472319220L, 
-1134973617L, 775681541L, 2121333948L, 1870577042L, -1842694515L, 
1070025927L, 1992337838L, -2028940280L, -1516402677L, -1596449559L, 
1355217848L, -2127715226L, 1820067073L, 1614693267L, -291519422L, 
758029300L, 1170871799L, 91400685L, -492819836L, -1351594838L, 
-366650859L, 850151087L, -1701600074L, 1791292128L, 23072291L, 
-936947391L, 2089561136L, -546171314L, 1755833017L, -1067739445L, 
1069346682L, 1392399996L, 879219391L, 2140369813L, 2072409004L, 
-204998270L, -1074462883L, -940141993L, 923867454L, -100075144L, 
-1805282725L, 684504505L, -1317222392L, -637732170L, 1335374321L, 
-1148671965L, -867276686L, 651819716L, 677612679L, 1203847261L, 
-1393916332L, 476832890L, -1347268667L, 899780895L, -54247258L, 
-1159798224L, -267921197L, -1592420623L, -1391577568L, 1637949630L, 
284533961L, 646401659L, 1401879626L, 562578604L, 423732143L, 
315787109L, 1075256604L, 2014520690L, 882044397L, 1828561447L, 
24212046L, -1652640088L, -1785049941L, -42127927L, -1164729896L, 
577116294L, 1202455905L, -951453453L, 1054795618L, 1278194132L, 
-1358555945L, 309466829L, -724820380L, -1438393270L, 1733015989L, 
115737871L, 1022915094L, 447769792L, 697002627L, -386787679L, 
-147548016L, 111375214L, -1290683111L, -176935509L, 1769663386L, 
-136395940L, 488964703L, -1487828427L, 305902028L, 124061986L, 
570608509L, 2076862583L, 1697562014L, -1666845608L, 1894117819L, 
-593557671L, 1098835176L, -250376938L, 622702225L, 1386373955L, 
-989634990L, -1118834460L, 129549095L, 1702451069L, 224967284L, 
1713144922L, 1763769509L, -1569315137L, -915620538L, 178668496L, 
-228766221L, 939575569L, 1845032256L, -620776162L, 178672105L, 
-1263099109L, -562811606L, 1688796924L, -343350286L, -341609344L, 
595648756L, 2066993288L, -2024967878L, 748229456L, 187326572L, 
-1354236780L, -979557038L, 2066514656L, -1164776244L, -1407898464L, 
-1942368894L, 1456389352L, -1598468884L, 1153558588L, -180798350L, 
2018901104L, 199402020L, -1491962312L, -264682982L, -1355131696L, 
-617888196L, 876515476L, -1151525758L, 2015812544L, 871452988L, 
-180838768L, 280884258L, 481730568L, -91429748L, -1075756004L, 
141758610L, 1223967872L, -767259628L, 752744232L, 1352529978L, 
-180852528L, 1154197612L, -635371852L, -1869476846L, 2115957728L, 
1518625740L, -1352551968L, 1148020770L, 1486882088L, 635130124L, 
-1255472580L, -726079246L, -912610064L, 1767479108L, -2107487144L, 
-766728646L, 1118114032L, -2084411716L, -1356594668L, -1141199678L, 
-1685865888L, 1438081404L, -929272624L, 1666754594L, 183387304L, 
-1984949876L, 1574687164L, 911375410L, -361392320L, 1561399988L, 
-66167480L, -1308825926L, -1261300976L, 800159980L, 1952357460L, 
-1840121070L, 606559648L, -2132020L, 553968480L, -984412990L, 
-751205848L, -925798996L, 1451686716L, -1738301582L, 1355915056L, 
618050596L, -1203981768L, 97593050L, -935292016L, -1278080772L, 
1532379540L, 1742181186L, 1666865664L, 1833391164L, 1413814864L, 
1106785442L, -660228280L, -113582580L, 246968028L, -970600366L, 
1174503552L, -1152963756L, 1085756392L, 2010809082L, -972886192L, 
1137668140L, 347103604L, 560415378L, -621620640L, -1603873652L, 
1687954784L, -212113182L, -922931032L, -830567732L, -1731086852L, 
242950066L, 1489897456L, 1170597316L, -454108840L, 1058239866L, 
1853937072L, -1573766724L, 1182292L, 461450690L, 819698464L, 
1267076028L, -623909808L, -1301442590L, -60746904L, -1411954868L, 
-282088708L, -1294271758L, -1762668288L, 1019966580L, -1205745144L, 
157407674L, -1616156208L, -122647572L, 387479444L, -985260846L, 
-1019590560L, -1548201652L, 1045985056L, 612358786L, 535128552L, 
-139037716L, -1298985412L, -1346852238L, 1235627888L, 574865700L, 
-1324913096L, 780934554L, 1805387216L, 460169660L, 32248468L, 
496723586L, 1218752960L, -1823314116L, 483255952L, -1649200350L, 
1505166856L, 973698828L, -1073129572L, 1159057426L, -2040831104L, 
1443893012L, -858920664L, 1398403130L, -805124144L, 219630188L, 
-254419916L, 801342610L, -16192160L, -1736797876L, 783055328L, 
-1559023710L, 1429819304L, 1071785100L, -1956764740L, -1375520654L, 
-1158290448L, 1445158980L, 1651934296L, 206856250L, 1107976304L, 
-1650150852L, -1926857964L, 124624578L, -898437408L, 152343676L, 
-453287728L, -1472130142L, 1168310824L, 681624844L, 361171900L, 
-886192846L, -1759880000L, -370438604L, -148310328L, -995731782L, 
-1961959280L, 1893845740L, -870696364L, 1453244050L, -828851424L, 
-721843252L, -1915884320L, -656397630L, -1531629528L, -1983919188L, 
-1806497092L, 914617842L, 1714832944L, -1864314972L, -461662792L, 
859864922L, -1902761840L, 520973180L, -1148247276L, -413306558L, 
2135835392L, 870219708L, 2005934928L, 1295725858L, -570765752L, 
-392374260L, -1064001444L, -1462375982L, 1449429504L, 1708186084L, 
1556862229L, -2061456065L, -1309982504L, 202875126L, 1814543107L, 
949587013L, -108354462L, -673033264L, 1765955833L, 463368747L, 
365591964L, -1652849206L, 143881919L, 395196425L, 1979394334L, 
2100063436L, 466757789L, 1283755303L, -851820720L, -1633439250L, 
1802049179L, -1508083459L, 769646570L, 516737160L, 1760581169L, 
388714659L, -2085206876L, -1337203374L, -1087262553L, 25978097L, 
177026102L, -919757612L, -257400731L, 529476207L, 170181800L, 
1121092102L, -384343245L, -445311083L, -1593216014L, -85243840L, 
1539660201L, 1154201627L, -1104656916L, -535374342L, -877682129L, 
462655033L, -978003890L, -635920228L, 1133183501L, -895353225L, 
-1670785408L, -1131367202L, 2096220075L, 1798113453L, 425717018L, 
-1025816104L, 2061963841L, -210761485L, -780818668L, -1857843550L, 
-2090203209L, 746722177L, 1290748294L, 340046788L, -1069334795L, 
-1856042145L, -483248712L, -796947306L, 408879779L, -1248500635L, 
-1468444286L, 1977879280L, 971882137L, 1687511691L, 2110456700L, 
1366726058L, 1310776799L, -507565207L, 611781502L, 1701536620L, 
1059334077L, 1611879559L, -1043175312L, -599969010L, -182214597L, 
-1071804643L, 592100810L, 1709004520L, -2083505711L, 551562179L, 
-778509116L, 739359602L, -1847245241L, -1155418607L, 103675798L, 
1977854708L, 716668037L, 1574756815L, 1305048264L, 1489032550L, 
-1630812269L, -1913100043L, -1025457966L, 1190014752L, -1245901047L, 
-1662576581L, 1014680972L, 748143642L, 1193482383L, -1791430695L, 
1414238318L, -61418500L, -1847000723L, 1249762071L, -1511273760L, 
-18368322L, -746989941L, 590474509L, 347308346L, 244560248L, 
-1390836959L, 1995854803L, -1671431436L, -1515039870L, 1521934871L, 
-93531935L, 1034124838L, -1404938460L, 956463061L, -147820673L, 
-1634387432L, -1771218634L, -631019581L, -992360955L, 471967138L, 
683321744L, 1157321017L, -940464661L, 626566876L, 565695242L, 
-1626210817L, 1184384073L, 1553036766L, -503446132L, 355094877L, 
